date,symbol,open,high,low,close,volume,amount
2025-02-06,600390.SH,5.9600,6.0900,5.9100,6.0900,74678540,450005026.00
2025-02-07,600390.SH,6.0400,6.3400,6.0400,6.2400,127985720,796812075.00
2025-02-10,600390.SH,6.2500,6.3200,6.2300,6.2900,66917460,420386986.00
2025-02-11,600390.SH,6.2900,6.3000,6.1500,6.2100,55022520,341677828.00
2025-02-12,600390.SH,6.1900,6.3200,6.1600,6.3200,65742160,410573675.00
2025-02-13,600390.SH,6.3100,6.4300,6.2100,6.3200,94263299,596993029.00
2025-02-14,600390.SH,6.3000,6.4500,6.2500,6.2800,66218581,418172092.00
2025-02-17,600390.SH,6.3800,6.4100,6.2300,6.2700,77244780,488294596.00
2025-02-18,600390.SH,6.2700,6.4100,6.1100,6.1500,115919887,724370472.00
2025-02-19,600390.SH,6.0500,6.1600,6.0400,6.1300,68965799,421268028.00
2025-02-20,600390.SH,6.1100,6.1700,6.0600,6.0700,57247729,349948134.00
2025-02-21,600390.SH,6.0700,6.2100,6.0100,6.2000,90675664,555630982.00
2025-02-24,600390.SH,6.1800,6.1900,6.0600,6.0900,61331220,375949986.00
2025-02-25,600390.SH,6.0400,6.0600,5.9700,5.9900,60957235,367332536.00
2025-02-26,600390.SH,5.9900,6.0800,5.9700,6.0800,57707539,347729062.00
2025-02-27,600390.SH,6.0500,6.1100,5.9500,6.0400,63078651,380554170.00
2025-02-28,600390.SH,6.0000,6.0600,5.8600,5.8900,56061140,334457967.00
2025-03-03,600390.SH,5.8800,5.9300,5.7900,5.8200,43553761,255742332.00
2025-03-04,600390.SH,5.7900,5.8700,5.7700,5.8600,32294359,188764817.00
2025-03-05,600390.SH,5.8400,5.8900,5.7700,5.8700,44002517,257002655.00
2025-03-06,600390.SH,5.8900,6.1500,5.8800,6.1100,123804905,748374587.00
2025-03-07,600390.SH,6.0500,6.0700,5.9300,5.9500,74931087,449528104.00
2025-03-10,600390.SH,5.9500,5.9500,5.8600,5.8900,36252984,213934206.00
2025-03-11,600390.SH,5.8400,5.8600,5.8100,5.8600,41756124,243912812.00
2025-03-12,600390.SH,5.8900,5.9700,5.8500,5.8800,45527104,268876428.00
2025-03-13,600390.SH,5.8800,5.9000,5.7800,5.8200,45277517,264149001.00
2025-03-14,600390.SH,5.8100,6.1600,5.8100,6.0500,141113044,849977192.00
2025-03-17,600390.SH,6.0800,6.0900,5.9900,6.0000,63479420,383416968.00
2025-03-18,600390.SH,6.0000,6.0400,5.9500,5.9800,42086440,252002259.00
2025-03-19,600390.SH,5.9700,5.9900,5.9300,5.9500,37994558,226544847.00
2025-03-20,600390.SH,5.9600,5.9600,5.8900,5.8900,36161078,214121011.00
2025-03-21,600390.SH,5.8700,5.9100,5.8200,5.8400,46379760,272369021.00
2025-03-24,600390.SH,5.8500,5.8500,5.7400,5.8100,48962831,283933696.00
2025-03-25,600390.SH,5.8100,5.8200,5.7600,5.8000,31490720,182687848.00
2025-03-26,600390.SH,5.7700,5.8400,5.7700,5.8200,33876351,197183817.00
2025-03-27,600390.SH,5.8200,5.8800,5.7500,5.8300,37742540,220016142.00
2025-03-28,600390.SH,5.8200,5.9000,5.7900,5.8500,50722207,297065343.00
2025-03-31,600390.SH,5.7900,5.7900,5.5900,5.6000,73751645,417703863.00
2025-04-01,600390.SH,5.6100,5.6400,5.5600,5.5800,37897299,212400021.00
2025-04-02,600390.SH,5.5700,5.6500,5.5400,5.6500,38511334,216143911.00
2025-04-03,600390.SH,5.6000,5.7300,5.5800,5.7000,50110316,285231830.00
2025-04-07,600390.SH,5.4100,5.4800,5.1300,5.1300,73081702,381585299.00
2025-04-08,600390.SH,5.0100,5.3000,4.9500,5.1900,92521472,471620604.00
2025-04-09,600390.SH,5.0900,5.4300,4.9600,5.3600,109495065,574919591.00
2025-04-10,600390.SH,5.3800,5.5500,5.2900,5.4400,103165597,563687214.00
2025-04-11,600390.SH,5.3700,5.4300,5.3400,5.3400,59360032,319651100.00
2025-04-14,600390.SH,5.3600,5.4800,5.3600,5.4500,58242323,316966932.00
2025-04-15,600390.SH,5.4500,5.4500,5.3500,5.3800,31016823,167072654.00
2025-04-16,600390.SH,5.3600,5.3700,5.2400,5.3200,38619718,204930708.00
2025-04-17,600390.SH,5.3000,5.3600,5.2800,5.3100,25050964,133802517.00
2025-04-18,600390.SH,5.3200,5.3900,5.3000,5.3500,35037184,188045846.00
2025-04-21,600390.SH,5.3400,5.4200,5.3000,5.3800,33229762,179077355.00
2025-04-22,600390.SH,5.3700,5.6200,5.3600,5.5300,110009140,610060188.00
2025-04-23,600390.SH,5.5000,5.6900,5.4500,5.4700,74136482,410706812.00
2025-04-24,600390.SH,5.4800,5.4900,5.3600,5.3700,43579723,235973262.00
2025-04-25,600390.SH,5.2900,5.3900,5.2400,5.3700,49458720,264418005.00
2025-04-28,600390.SH,5.3500,5.3600,5.2400,5.2500,38486020,203257870.00
2025-04-29,600390.SH,5.2600,5.2600,5.2000,5.2100,26147598,136981389.00
2025-04-30,600390.SH,5.2200,5.2600,5.1900,5.2000,27538832,144215321.00
2025-05-06,600390.SH,5.2300,5.4500,5.2300,5.4300,68528862,368341502.00
2025-05-07,600390.SH,5.6400,5.6900,5.4000,5.4300,71610271,395159602.00
2025-05-08,600390.SH,5.4100,5.4700,5.3800,5.4300,36624144,199176199.00
2025-05-09,600390.SH,5.4300,5.4500,5.3400,5.3400,32172144,172901133.00
2025-05-12,600390.SH,5.3600,5.4200,5.3400,5.4100,33618504,181249645.00
2025-05-13,600390.SH,5.4600,5.4700,5.3800,5.4100,32151453,174580671.00
2025-05-14,600390.SH,5.4000,5.6700,5.3600,5.5600,96334473,532435708.00
2025-05-15,600390.SH,5.5400,5.5400,5.4000,5.4100,52485857,286890857.00
2025-05-16,600390.SH,5.4000,5.4200,5.3600,5.3700,29956710,161611375.00
2025-05-19,600390.SH,5.3700,5.4100,5.3500,5.3900,27502986,148258476.00
2025-05-20,600390.SH,5.4000,5.4200,5.3700,5.4000,26314460,142124584.00
2025-05-21,600390.SH,5.4000,5.5200,5.3900,5.4300,43050211,234703203.00
2025-05-22,600390.SH,5.4100,5.4200,5.3200,5.3200,38085537,204188964.00
2025-05-23,600390.SH,5.3200,5.3500,5.2600,5.2700,29241127,155330797.00
2025-05-26,600390.SH,5.2400,5.3000,5.2400,5.2900,18981142,100201162.00
2025-05-27,600390.SH,5.2700,5.2900,5.2500,5.2800,17494871,92314836.00
2025-05-28,600390.SH,5.2800,5.2900,5.2300,5.2500,19434772,102351985.00
2025-05-29,600390.SH,5.2400,5.3300,5.2400,5.3100,29604996,157238816.00
2025-05-30,600390.SH,5.2900,5.3000,5.2400,5.2800,24078020,127129181.00
2025-06-03,600390.SH,5.2500,5.3500,5.2500,5.3500,32685096,174376916.00
2025-06-04,600390.SH,5.3500,5.4100,5.3300,5.4100,37354423,201558872.00
2025-06-05,600390.SH,5.4000,5.4500,5.3800,5.4300,39753065,215634816.00
2025-06-06,600390.SH,5.4300,5.4600,5.3700,5.3800,30142273,163276499.00
2025-06-09,600390.SH,5.4100,5.4900,5.4000,5.4600,49718790,271711264.00
2025-06-10,600390.SH,5.4500,5.4700,5.3500,5.3900,43820992,237643255.00
2025-06-11,600390.SH,5.3900,5.5300,5.3800,5.4700,58409095,319982000.00
2025-06-12,600390.SH,5.4400,5.6100,5.4300,5.5200,77562960,430738434.00
2025-06-13,600390.SH,5.4900,5.5300,5.4000,5.4100,52862694,288352830.00
2025-06-16,600390.SH,5.4000,5.4900,5.3800,5.4800,35138211,192040075.00
2025-06-17,600390.SH,5.4800,5.5900,5.4400,5.5500,59403494,329207153.00
2025-06-18,600390.SH,5.5500,5.5600,5.4400,5.4600,53089484,291540917.00
2025-06-19,600390.SH,5.4400,5.4500,5.3000,5.3100,49309223,264352403.00
2025-06-20,600390.SH,5.3000,5.3300,5.2700,5.2900,23384000,124093068.00
2025-06-23,600390.SH,5.2500,5.3600,5.2500,5.3500,29453920,156804363.00
2025-06-24,600390.SH,5.3700,5.5400,5.3600,5.4900,67142380,368408241.00
2025-06-25,600390.SH,5.4900,5.8600,5.4800,5.8600,247766877,1416485317.00
2025-06-26,600390.SH,5.8900,5.9300,5.7500,5.7700,167188469,976196734.00
2025-06-27,600390.SH,5.7700,6.2200,5.7600,5.9300,222032181,1334988937.00
2025-06-30,600390.SH,5.8700,5.9400,5.8000,5.8200,105375735,616665795.00
2025-07-01,600390.SH,5.8300,5.8400,5.6700,5.7300,84827906,486479607.00
2025-07-02,600390.SH,5.7000,5.7300,5.6700,5.7200,48597860,277627197.00
2025-07-03,600390.SH,5.7200,5.7500,5.6800,5.7200,42105755,240899530.00
2025-07-04,600390.SH,5.7200,5.8200,5.6500,5.7300,79809010,458454892.00
2025-07-07,600390.SH,5.6900,5.8400,5.6800,5.7700,64034510,371031336.00
2025-07-08,600390.SH,5.7600,6.1400,5.7400,6.0300,169592751,1012796308.00
2025-07-09,600390.SH,6.0300,6.3700,6.0100,6.1700,264136580,1636596881.00
2025-07-10,600390.SH,6.1200,6.3700,6.1200,6.2500,218397123,1368712612.00
2025-07-11,600390.SH,6.2400,6.8800,6.1200,6.6900,424420691,2803955854.00
2025-07-14,600390.SH,6.4900,6.5900,6.2400,6.2600,277459986,1770742894.00
2025-07-15,600390.SH,6.2500,6.2700,6.0700,6.1500,131696898,809906922.00
2025-07-16,600390.SH,6.1300,6.2300,6.0900,6.1900,99385091,613745286.00
2025-07-17,600390.SH,6.1900,6.3700,6.1700,6.2900,123549858,776805666.00
2025-07-18,600390.SH,6.2900,6.5300,6.2500,6.3900,190494877,1227225563.00
2025-07-21,600390.SH,6.3300,6.3900,6.2700,6.3300,105190760,666253669.00
2025-07-22,600390.SH,6.3400,6.3500,6.1400,6.2500,115817630,721341374.00
2025-07-23,600390.SH,6.2300,6.3400,6.1700,6.1900,104225994,652375513.00
2025-07-24,600390.SH,6.1600,6.3300,6.1600,6.3200,117536700,739852093.00
2025-07-25,600390.SH,6.3400,6.3400,6.2000,6.2200,78387420,490705591.00
2025-07-28,600390.SH,6.2000,6.3600,6.1600,6.2800,84308291,529907219.00
2025-07-29,600390.SH,6.2400,6.2700,6.1300,6.2300,79826597,494725735.00
2025-07-30,600390.SH,6.2200,6.2200,6.0500,6.1100,83136970,511548681.00
2025-07-31,600390.SH,6.0800,6.1300,5.9400,5.9800,71860235,433882967.00
2025-08-01,600390.SH,5.9800,6.0200,5.9400,5.9700,34470275,206498306.00
2025-08-04,600390.SH,5.9400,5.9700,5.9200,5.9600,34396572,204870131.00
2025-08-05,600390.SH,5.9600,6.0700,5.9600,6.0700,46208620,279616136.00
2025-08-06,600390.SH,6.0700,6.0700,6.0200,6.0500,33205280,200970400.00
2025-08-07,600390.SH,6.0500,6.0800,5.9700,5.9900,48039401,289242692.00
2025-08-08,600390.SH,5.9900,6.0300,5.9600,5.9700,32831639,196769148.00
2025-08-11,600390.SH,5.9700,6.0700,5.9700,6.0300,46065855,278543248.00
2025-08-12,600390.SH,6.0400,6.0900,6.0100,6.0600,47464652,287642388.00
2025-08-13,600390.SH,6.0700,6.1500,6.0400,6.1300,92394436,564554539.00
2025-08-14,600390.SH,6.1300,6.2000,6.0400,6.0700,91978673,564229916.00
2025-08-15,600390.SH,6.0400,6.2900,6.0100,6.2900,163551955,1016345701.00
2025-08-18,600390.SH,6.3300,6.4400,6.2500,6.3500,160129522,1017245192.00
2025-08-19,600390.SH,6.3100,6.6500,6.2500,6.4700,184532057,1186153174.00
2025-08-20,600390.SH,6.3800,6.4600,6.3000,6.4300,117047553,747670991.00
2025-08-21,600390.SH,6.4900,6.6000,6.3500,6.4200,126724393,823453312.00
2025-08-22,600390.SH,6.3900,6.5000,6.3300,6.4900,136642231,878839819.00
2025-08-25,600390.SH,6.5800,6.6500,6.4800,6.5300,148619345,974182557.00
2025-08-26,600390.SH,6.5100,6.5200,6.4100,6.4300,100058430,647833034.00
2025-08-27,600390.SH,6.4200,6.5700,6.3000,6.3100,146758734,950720902.00
2025-08-28,600390.SH,6.2800,6.5800,6.2600,6.5600,206378091,1332467386.00
2025-08-29,600390.SH,6.5800,6.6100,6.4100,6.4200,119982229,779379657.00
2025-09-01,600390.SH,6.4400,6.5100,6.3500,6.3800,69165637,443369875.00
2025-09-02,600390.SH,6.3700,6.3700,6.1500,6.2000,99136765,619167868.00
2025-09-03,600390.SH,6.2000,6.2300,5.9900,6.0100,71857427,438423005.00
2025-09-04,600390.SH,6.0000,6.0600,5.9200,5.9900,66936323,402352276.00
2025-09-05,600390.SH,6.0100,6.1100,5.9600,6.1000,61833448,374287482.00
2025-09-08,600390.SH,6.0800,6.1100,6.0100,6.0600,50909898,308733046.00
2025-09-09,600390.SH,6.0400,6.0800,6.0000,6.0200,44793718,270629333.00
2025-09-10,600390.SH,6.0200,6.0600,5.9800,6.0100,38351250,230986282.00
2025-09-11,600390.SH,5.9900,6.1200,5.9700,6.1200,74022188,448983753.00
2025-09-12,600390.SH,6.1000,6.1400,6.0400,6.0500,56543934,344590576.00
2025-09-15,600390.SH,6.0400,6.0700,5.9900,6.0000,45135601,272296083.00
2025-09-16,600390.SH,6.0100,6.0900,6.0000,6.0900,55703395,337232013.00
2025-09-17,600390.SH,6.0900,6.3700,6.0400,6.3400,151568249,947698090.00
2025-09-18,600390.SH,6.2700,6.2900,6.0400,6.0900,127234916,786315053.00
2025-09-19,600390.SH,6.0500,6.0700,5.9800,5.9900,66342222,399298565.00
2025-09-22,600390.SH,6.0000,6.0200,5.9600,6.0100,41034716,246309795.00
2025-09-23,600390.SH,5.9900,5.9900,5.7900,5.8600,67442447,395325231.00
2025-09-24,600390.SH,5.8300,5.9400,5.8100,5.9300,37787261,222496119.00
2025-09-25,600390.SH,5.8900,5.9100,5.8400,5.8600,34154110,200894410.00
2025-09-26,600390.SH,5.8500,5.9000,5.8100,5.8100,32386675,190299729.00
2025-09-29,600390.SH,5.8000,6.0400,5.7600,5.9900,71754407,426075000.00
2025-09-30,600390.SH,5.9600,6.0200,5.9200,5.9200,41616860,248037573.00
2025-10-09,600390.SH,5.9400,6.0200,5.9200,6.0200,49296317,295424505.00
2025-10-10,600390.SH,5.9900,6.1000,5.9800,6.0200,50816013,307505564.00
2025-10-13,600390.SH,5.8500,5.9700,5.8300,5.9600,46952286,278344835.00
2025-10-14,600390.SH,5.9600,6.1100,5.9500,6.0000,64539462,390077945.00
2025-10-15,600390.SH,6.0100,6.0300,5.9200,6.0100,48090963,287795369.00
2025-10-16,600390.SH,6.0000,6.0100,5.9200,5.9300,32925390,196008203.00
2025-10-17,600390.SH,5.9200,5.9600,5.8300,5.8300,37448836,220311889.00
2025-10-20,600390.SH,5.8700,5.9000,5.8200,5.8400,26401704,154418764.00
2025-10-21,600390.SH,5.8500,5.9700,5.8200,5.9200,38045074,225104278.00
2025-10-22,600390.SH,5.8900,5.9200,5.8700,5.9000,25112465,147995189.00
2025-10-23,600390.SH,5.8800,5.9400,5.8200,5.9300,33961650,199219725.00
2025-10-24,600390.SH,5.9200,5.9800,5.9100,5.9800,38928343,231963674.00
2025-10-27,600390.SH,6.0000,6.0200,5.9500,5.9700,44671261,266995293.00
2025-10-28,600390.SH,5.9600,5.9700,5.9000,5.9200,39637771,235093010.00
2025-10-29,600390.SH,5.9100,6.0100,5.9100,6.0100,60492399,361280350.00
2025-10-30,600390.SH,5.9900,6.0000,5.9300,5.9400,43038667,256720146.00
2025-10-31,600390.SH,5.9400,5.9600,5.9200,5.9200,37284937,221219205.00
2025-11-03,600390.SH,5.9200,5.9200,5.8500,5.9100,31644991,186202477.00
2025-11-04,600390.SH,5.9100,5.9200,5.8300,5.8500,32468920,190222103.00
2025-11-05,600390.SH,5.8200,5.8800,5.8000,5.8700,25655042,150049451.00
2025-11-06,600390.SH,5.8600,5.9100,5.8500,5.8800,31184661,183436399.00
2025-11-07,600390.SH,5.8600,5.8900,5.8400,5.8600,24685730,144577318.00
2025-11-10,600390.SH,5.8600,5.9600,5.8400,5.9600,49520814,293158874.00
2025-11-11,600390.SH,5.9600,5.9800,5.9100,5.9400,31399636,186483853.00
2025-11-12,600390.SH,5.9400,5.9500,5.8800,5.9100,27416450,162184902.00
2025-11-13,600390.SH,5.9100,5.9800,5.8800,5.9800,40718133,242125217.00
2025-11-14,600390.SH,5.9600,6.0200,5.9500,5.9600,40324361,241688973.00
2025-11-17,600390.SH,5.9500,5.9500,5.8900,5.9100,31608536,186885275.00
2025-11-18,600390.SH,5.9100,5.9200,5.8200,5.8500,36376529,212929530.00
2025-11-19,600390.SH,5.8500,5.8800,5.7800,5.8000,32769615,190548540.00
2025-11-20,600390.SH,5.8700,5.8800,5.7900,5.8100,24342515,141841043.00
2025-11-21,600390.SH,5.7800,5.7800,5.5400,5.5500,59986551,337193203.00
2025-11-24,600390.SH,5.5600,5.5900,5.5000,5.5300,32135535,177882032.00
2025-11-25,600390.SH,5.5500,5.6000,5.5400,5.5400,25939275,144317761.00
2025-11-26,600390.SH,5.5400,5.5900,5.5300,5.5300,22184136,123288975.00
2025-11-27,600390.SH,5.5600,5.5800,5.5100,5.5200,24566557,136184188.00
2025-11-28,600390.SH,5.5200,5.5300,5.4400,5.5300,30666688,168290070.00
2025-12-01,600390.SH,5.5400,5.5700,5.5100,5.5600,29459340,163467692.00
2025-12-02,600390.SH,5.5500,5.5500,5.4900,5.5100,20338420,112024414.00
2025-12-03,600390.SH,5.5200,5.5600,5.5000,5.5200,28774405,159048937.00
2025-12-04,600390.SH,5.5100,5.5300,5.4600,5.5000,21516560,118149642.00
2025-12-05,600390.SH,5.4900,5.6100,5.4600,5.5800,44526320,246721059.00
2025-12-08,600390.SH,5.6100,5.7200,5.6100,5.6200,50783259,287830578.00
2025-12-09,600390.SH,5.6100,5.6100,5.5000,5.5100,30329396,168041730.00
2025-12-10,600390.SH,5.5100,5.5500,5.4700,5.5300,25918019,142653084.00
2025-12-11,600390.SH,5.5300,5.5300,5.4100,5.4200,28771226,156936129.00
2025-12-12,600390.SH,5.4200,5.4600,5.4100,5.4300,25987825,141222124.00
2025-12-15,600390.SH,5.4000,5.4600,5.3600,5.4100,25499133,138026602.00
2025-12-16,600390.SH,5.4000,5.4100,5.3200,5.3900,28136877,151157348.00
2025-12-17,600390.SH,5.3800,5.5200,5.3100,5.4600,39719888,214550151.00
2025-12-18,600390.SH,5.4400,5.4900,5.4300,5.4600,23239300,126894138.00
2025-12-19,600390.SH,5.4700,5.5400,5.4400,5.5400,34921170,192324619.00
2025-12-22,600390.SH,5.5400,5.6000,5.5400,5.5600,27311874,152186413.00
2025-12-23,600390.SH,5.5600,5.5700,5.4700,5.4900,23874035,131745054.00
2025-12-24,600390.SH,5.4900,5.5700,5.4600,5.5400,26264782,145345859.00
2025-12-25,600390.SH,5.5400,5.6000,5.5400,5.5800,26785021,149432990.00
2025-12-26,600390.SH,5.5800,5.6400,5.5500,5.5800,33105551,185110697.00
2025-12-29,600390.SH,5.5800,5.6700,5.5600,5.6300,42968785,241893770.00
2025-12-30,600390.SH,5.6300,5.6300,5.5600,5.5700,29653327,165903476.00
2025-12-31,600390.SH,5.5700,5.6000,5.5400,5.5500,24613993,136967785.00
2026-01-05,600390.SH,5.5500,5.6200,5.5300,5.6100,36675484,204901118.00
2026-01-06,600390.SH,5.6000,5.8200,5.5900,5.8100,79320073,455182775.00
2026-01-07,600390.SH,5.7800,5.9300,5.7500,5.8300,79962899,467159594.00
2026-01-08,600390.SH,5.7900,5.8000,5.7200,5.7300,53230300,305780890.00
2026-01-09,600390.SH,5.7400,5.9000,5.7300,5.8700,72825953,425437010.00
2026-01-12,600390.SH,5.9800,6.0900,5.9700,6.0400,122127090,737706475.00
2026-01-13,600390.SH,6.0500,6.2900,5.9500,6.1000,131860999,802895545.00
2026-01-14,600390.SH,6.0600,6.3000,6.0000,6.0700,151874956,934364771.00
2026-01-15,600390.SH,6.0200,6.0800,5.8700,5.8900,79930343,475098299.00
2026-01-16,600390.SH,5.9500,5.9800,5.7600,5.7800,62335574,363265106.00
2026-01-19,600390.SH,5.7700,5.8900,5.7400,5.8300,45635941,265803633.00
2026-01-20,600390.SH,5.8300,5.8400,5.7600,5.8300,40780360,236526566.00
2026-01-21,600390.SH,5.8200,5.8400,5.7900,5.8100,35366433,205585717.00
2026-01-22,600390.SH,5.7900,5.9200,5.7900,5.8600,42770293,250359463.00
2026-01-23,600390.SH,6.1500,6.4000,6.0300,6.0400,150777757,927441750.00
2026-01-26,600390.SH,6.0000,6.1400,5.9300,5.9700,99095293,596554281.00
2026-01-27,600390.SH,5.9500,5.9500,5.7700,5.8600,68009017,397530413.00
2026-01-28,600390.SH,5.8300,6.0500,5.8100,5.9300,71046900,419847220.00
2026-01-29,600390.SH,5.9200,5.9500,5.8400,5.9100,67101689,395192862.00
2026-01-30,600390.SH,5.9000,5.9000,5.7100,5.7600,64090940,370573520.00
2026-02-02,600390.SH,5.7300,5.8200,5.5700,5.5800,51194334,291689632.00
2026-02-03,600390.SH,5.6300,5.7100,5.6200,5.7000,38864565,220627839.00
2026-02-04,600390.SH,5.6800,5.7800,5.6500,5.7800,45180647,258295770.00
2026-02-05,600390.SH,5.7700,5.7800,5.6700,5.7200,35984983,205708530.00
2026-02-06,600390.SH,5.6700,5.7500,5.6500,5.6900,25697447,146567000.00
2026-02-09,600390.SH,5.7400,5.7700,5.7100,5.7300,26236757,150401898.00
2026-02-10,600390.SH,5.7200,5.7300,5.6800,5.6800,23297199,132698395.00
2026-02-11,600390.SH,5.6800,5.6900,5.6400,5.6500,26732204,151532561.00
2026-02-12,600390.SH,5.6500,5.6700,5.5800,5.6200,25512987,143422528.00
2026-02-13,600390.SH,5.6300,5.6300,5.5300,5.5300,27339641,152590651.00
2026-02-24,600390.SH,5.5900,5.6200,5.5500,5.6100,25665234,143554869.00
2026-02-25,600390.SH,5.6200,5.7300,5.6100,5.7000,37822986,215505201.00
2026-02-26,600390.SH,5.6900,5.7000,5.6200,5.6300,32270960,182264213.00
2026-02-27,600390.SH,5.6400,5.7400,5.6300,5.7400,39403579,224701607.00
2026-03-02,600390.SH,5.7000,5.8500,5.6500,5.7600,81927478,471039655.00
2026-03-03,600390.SH,5.7300,5.7800,5.5800,5.5800,57038300,323847796.00
2026-03-04,600390.SH,5.5300,5.6100,5.4600,5.4800,42344220,233783167.00
2026-03-05,600390.SH,5.5300,5.6200,5.5200,5.5300,34788666,193147609.00
2026-03-06,600390.SH,5.5200,5.6700,5.5100,5.6600,44360667,249827663.00
2026-03-09,600390.SH,5.6200,5.6500,5.5500,5.5900,36845744,205709776.00
2026-03-10,600390.SH,5.6100,5.6400,5.5900,5.6200,26428697,148299751.00
2026-03-11,600390.SH,5.6400,5.6400,5.5800,5.6100,29045315,162837442.00
2026-03-12,600390.SH,5.6200,5.6700,5.5900,5.6400,38666451,217541757.00
2026-03-13,600390.SH,5.6200,5.6400,5.5500,5.5800,40484384,226591940.00
2026-03-16,600390.SH,5.6000,5.6900,5.6000,5.6400,48694511,275054329.00
2026-03-17,600390.SH,5.6200,5.7300,5.6000,5.6200,52089607,294686013.00
2026-03-18,600390.SH,5.6200,5.6300,5.5300,5.5700,38688900,215020917.00
2026-03-19,600390.SH,5.5300,5.8000,5.4800,5.6600,82670126,464411901.00
2026-03-20,600390.SH,5.6000,5.6000,5.4800,5.4900,55231098,305315140.00
2026-03-23,600390.SH,5.3800,5.4100,5.1700,5.1900,49894967,264391974.00
2026-03-24,600390.SH,5.2600,5.3500,5.2200,5.3400,32955320,174224586.00
2026-03-25,600390.SH,5.3300,5.5000,5.3200,5.4800,38700198,210677421.00
2026-03-26,600390.SH,5.4600,5.4700,5.3400,5.3700,28145454,151954191.00
2026-03-27,600390.SH,5.3200,5.4300,5.3200,5.4000,20518837,110668322.00
2026-03-30,600390.SH,5.3400,5.3900,5.2800,5.3700,21227560,113337177.00
2026-03-31,600390.SH,5.3400,5.4300,5.3200,5.3400,22442243,120592944.00
2026-04-01,600390.SH,5.3900,5.4100,5.3400,5.3600,24154819,129438464.00
2026-04-02,600390.SH,5.3500,5.3600,5.2300,5.2500,24170730,127539409.00
2026-04-03,600390.SH,5.3600,5.4400,5.2300,5.2400,29011516,153921591.00
2026-04-07,600390.SH,5.2300,5.4000,5.2000,5.3200,36188201,192966390.00
2026-04-08,600390.SH,5.3800,5.4300,5.3600,5.4200,37250423,200992706.00
2026-04-09,600390.SH,5.3800,5.4000,5.3000,5.3100,24813120,132368078.00
2026-04-10,600390.SH,5.3300,5.4600,5.3300,5.3700,37059522,200401838.00
2026-04-13,600390.SH,5.3600,5.3800,5.3300,5.3400,24837061,133004381.00
2026-04-14,600390.SH,5.3700,5.3800,5.3100,5.3700,22882875,122295780.00
2026-04-15,600390.SH,5.3700,5.3900,5.3200,5.3200,19397768,103708265.00
2026-04-16,600390.SH,5.3300,5.3500,5.3100,5.3400,18227468,97169311.00
2026-04-17,600390.SH,5.3200,5.3500,5.2800,5.3300,23706994,125865658.00
2026-04-20,600390.SH,5.3100,5.4300,5.3000,5.3600,28664020,153725496.00
2026-04-21,600390.SH,5.3600,5.3600,5.2700,5.2900,26664656,141122283.00
2026-04-22,600390.SH,5.3000,5.3200,5.2600,5.2900,19458777,102884528.00
2026-04-23,600390.SH,5.2800,5.2900,5.2100,5.2300,21919418,114866599.00
2026-04-24,600390.SH,5.2200,5.2300,5.1800,5.2100,18882806,98220346.00
2026-04-27,600390.SH,5.1900,5.2200,5.1600,5.1700,21668815,112286443.00
2026-04-28,600390.SH,5.1400,5.1800,5.0900,5.1000,32536919,166904575.00
2026-04-29,600390.SH,5.0800,5.2500,5.0700,5.2400,32459545,168359219.00
2026-04-30,600390.SH,5.2600,5.3400,5.2300,5.2400,31143165,164464978.00
2026-05-06,600390.SH,5.2400,5.3600,5.2400,5.3200,38574612,205070292.00
2026-05-07,600390.SH,5.3300,5.3500,5.2800,5.3000,23675078,125608188.00
2026-05-08,600390.SH,5.2900,5.3400,5.2700,5.2900,24664939,130749912.00
2026-05-11,600390.SH,5.2900,5.3700,5.2500,5.3500,39567515,210535458.00
2026-05-12,600390.SH,5.3400,5.3500,5.2700,5.2900,30753520,163349659.00
2026-05-13,600390.SH,5.2700,5.3100,5.2500,5.2800,27864558,146921147.00
2026-05-14,600390.SH,5.3000,5.3000,5.1400,5.1500,34404174,179113306.00
2026-05-15,600390.SH,5.1500,5.1900,5.0200,5.0600,41774107,212645334.00
2026-05-18,600390.SH,5.0500,5.0500,4.9800,5.0000,29804564,149155180.00
2026-05-19,600390.SH,5.0000,5.0300,4.9500,5.0200,26230084,130942851.00
2026-05-20,600390.SH,5.0000,5.0100,4.9300,4.9500,20182301,99938171.00
2026-05-21,600390.SH,4.9500,5.0800,4.9200,4.9300,37752814,189259194.00
2026-05-22,600390.SH,4.9300,4.9500,4.8100,4.8400,35302741,171352174.00
2026-05-25,600390.SH,4.8700,4.8900,4.8000,4.8800,28186669,136393291.00
2026-05-26,600390.SH,4.8500,4.9100,4.8200,4.8900,26908801,131174304.00
2026-05-27,600390.SH,4.8700,4.9600,4.7800,4.8000,28771884,139310854.00
2026-05-28,600390.SH,4.7800,4.8000,4.6600,4.7500,27710296,131225214.00
2026-05-29,600390.SH,4.7500,4.8600,4.7400,4.7600,38967834,187128528.00
2026-06-01,600390.SH,4.7900,4.8800,4.7300,4.8500,33116033,159561782.00
2026-06-02,600390.SH,4.8600,4.8900,4.8000,4.8200,24179340,116922078.00
2026-06-03,600390.SH,4.8200,4.8600,4.7600,4.7700,25956420,124901381.00
2026-06-04,600390.SH,4.7400,4.8100,4.6600,4.6900,25328934,119390227.00
2026-06-05,600390.SH,4.6800,4.7300,4.6600,4.6700,28028600,131647024.00
2026-06-08,600390.SH,4.6200,4.6400,4.4800,4.5200,35523635,161978209.00
2026-06-09,600390.SH,4.5200,4.5500,4.4500,4.5300,24203724,109147489.00
2026-06-10,600390.SH,4.5000,4.6100,4.5000,4.6100,34597820,157723519.00
2026-06-11,600390.SH,4.5800,4.6300,4.4600,4.5100,29456200,133303653.00
2026-06-12,600390.SH,4.5200,4.6800,4.4900,4.6500,36396127,167780546.00
2026-06-15,600390.SH,4.6800,4.9000,4.6700,4.8500,60653404,292497679.00
2026-06-16,600390.SH,4.8400,4.8500,4.7600,4.8100,30157112,145266531.00
2026-06-17,600390.SH,4.8000,4.8400,4.7400,4.7700,32507524,155527814.00
2026-06-18,600390.SH,4.7600,4.7800,4.6100,4.6200,33472229,156337412.00
2026-06-22,600390.SH,4.6100,4.9100,4.5300,4.9100,65860083,313108994.00
