date,symbol,open,high,low,close,volume,amount
2025-02-06,603556.SH,35.1900,35.5300,34.9000,35.3400,2324800,84269077.00
2025-02-07,603556.SH,35.0000,35.7000,34.6700,34.8300,3959304,142976542.00
2025-02-10,603556.SH,34.8300,34.9400,34.0500,34.2200,5630128,198363811.00
2025-02-11,603556.SH,34.2200,34.3300,33.5900,34.1900,4315230,150788656.00
2025-02-12,603556.SH,34.1900,34.2000,33.5700,33.9400,2900033,100928429.00
2025-02-13,603556.SH,33.7900,33.9600,33.3100,33.3400,5683354,195944404.00
2025-02-14,603556.SH,33.3400,33.7100,33.2000,33.3900,3641153,125090583.00
2025-02-17,603556.SH,33.4700,33.5200,32.4500,32.7300,6012396,202766414.00
2025-02-18,603556.SH,32.7400,33.6300,32.5900,32.9200,5423408,184360103.00
2025-02-19,603556.SH,32.8800,32.8800,31.9800,32.2400,7294134,241482055.00
2025-02-20,603556.SH,32.2900,32.2900,31.6200,31.7100,6040040,197661275.00
2025-02-21,603556.SH,31.6100,32.0000,31.4700,31.7100,4349188,141876434.00
2025-02-24,603556.SH,31.6600,31.7800,31.1900,31.3400,5130362,165447324.00
2025-02-25,603556.SH,31.1900,31.2000,30.6500,30.7600,5170148,164207072.00
2025-02-26,603556.SH,30.7300,31.0300,30.5900,30.7300,4745856,150396789.00
2025-02-27,603556.SH,30.8500,31.1900,30.6600,31.0800,4794144,152502469.00
2025-02-28,603556.SH,30.9500,31.5800,30.8100,31.3000,6288980,202487553.00
2025-03-03,603556.SH,31.3700,31.7000,30.8300,31.0400,7321420,235031566.00
2025-03-04,603556.SH,31.2400,33.5600,31.2200,32.1000,12300985,412835940.00
2025-03-05,603556.SH,32.0900,32.6400,31.7400,32.2500,5510751,182522617.00
2025-03-06,603556.SH,32.3000,32.4200,32.0600,32.1500,4504404,149094230.00
2025-03-07,603556.SH,32.1600,32.1600,31.3900,31.4900,4386178,142353647.00
2025-03-10,603556.SH,31.2400,31.7500,31.1200,31.6800,3749899,121426287.00
2025-03-11,603556.SH,31.3300,31.6800,31.3200,31.6700,2233305,72276300.00
2025-03-12,603556.SH,31.7200,31.7400,30.6400,30.9600,9111291,289926185.00
2025-03-13,603556.SH,30.9000,31.0100,29.7900,30.0300,8821636,275183743.00
2025-03-14,603556.SH,30.0300,30.5300,29.8200,30.5100,6011484,187072579.00
2025-03-17,603556.SH,31.2000,32.1000,30.8700,30.8800,6861611,220281102.00
2025-03-18,603556.SH,30.8800,32.2000,30.7900,32.1600,11200421,365696391.00
2025-03-19,603556.SH,32.1700,32.6500,31.8000,32.2800,6433790,214126709.00
2025-03-20,603556.SH,32.1000,32.7800,31.8600,32.0400,6101541,203127016.00
2025-03-21,603556.SH,31.9600,32.6000,31.8800,32.0100,4268300,141219686.00
2025-03-24,603556.SH,32.0800,33.0700,32.0200,32.8200,8593770,289146226.00
2025-03-25,603556.SH,32.8200,32.9700,32.0000,32.1300,4726076,157408381.00
2025-03-26,603556.SH,32.1400,32.9500,31.9800,32.8400,5363689,179846770.00
2025-03-27,603556.SH,32.5900,33.1800,32.4800,32.6700,5153942,174435587.00
2025-03-28,603556.SH,32.5300,33.5300,32.5300,33.1600,6074616,207465734.00
2025-03-31,603556.SH,32.8600,34.2300,32.8300,33.2200,9405527,326226698.00
2025-04-01,603556.SH,33.2100,34.1200,32.8500,33.3200,5944680,204059156.00
2025-04-02,603556.SH,33.3200,33.6100,33.0400,33.5200,3421886,117265054.00
2025-04-03,603556.SH,33.0600,33.2400,32.3400,32.9300,4754200,160126788.00
2025-04-07,603556.SH,30.1700,31.7400,29.6300,29.6300,5646584,177647050.00
2025-04-08,603556.SH,29.5100,30.5600,29.2600,30.5000,5407321,166297170.00
2025-04-09,603556.SH,30.4400,31.3000,29.9300,30.1700,6204992,194410073.00
2025-04-10,603556.SH,30.7300,32.3300,30.5900,31.3200,6093705,197768629.00
2025-04-11,603556.SH,31.3200,31.3200,30.6100,30.9500,3751750,119057484.00
2025-04-14,603556.SH,31.1600,32.2700,30.9300,31.7100,4757900,155099035.00
2025-04-15,603556.SH,31.8100,32.2400,31.5400,31.9700,2617774,86014310.00
2025-04-16,603556.SH,31.7200,31.8500,31.0300,31.2400,2932500,94138035.00
2025-04-17,603556.SH,31.1800,31.5500,31.0200,31.2500,1718394,55141780.00
2025-04-18,603556.SH,31.2700,31.5500,31.1400,31.2200,1555700,50128583.00
2025-04-21,603556.SH,31.3900,32.1600,31.0300,32.0000,3426661,111824517.00
2025-04-22,603556.SH,30.5900,30.5900,28.8000,29.3200,12183597,366661774.00
2025-04-23,603556.SH,28.9800,29.4600,28.5900,29.2600,6527582,194619237.00
2025-04-24,603556.SH,28.9800,29.2200,28.4600,28.4600,4764196,140884480.00
2025-04-25,603556.SH,28.4700,28.5700,27.8300,28.0700,3935705,113797893.00
2025-04-28,603556.SH,28.0900,28.3500,27.9200,28.0000,2251318,64958797.00
2025-04-29,603556.SH,28.1400,28.6800,27.5800,28.5700,5544403,160909300.00
2025-04-30,603556.SH,27.8200,27.8200,25.7100,25.7100,17761350,477551502.00
2025-05-06,603556.SH,25.3600,26.0100,25.2900,26.0000,6994269,184891298.00
2025-05-07,603556.SH,26.1100,26.5700,25.7800,25.9700,7830576,210393625.00
2025-05-08,603556.SH,25.8200,26.2400,25.8200,26.1800,5722118,153532693.00
2025-05-09,603556.SH,26.1800,26.3000,25.8000,26.2700,5656168,151619013.00
2025-05-12,603556.SH,26.3600,26.9000,26.3600,26.6200,5895028,161121084.00
2025-05-13,603556.SH,26.8400,26.8400,26.4600,26.5200,4619784,126463882.00
2025-05-14,603556.SH,26.5200,26.5200,26.1700,26.3900,4054291,109703698.00
2025-05-15,603556.SH,26.2900,26.3500,26.0300,26.0900,3309857,89004130.00
2025-05-16,603556.SH,26.0400,26.2500,26.0300,26.0700,2424100,65162230.00
2025-05-19,603556.SH,26.0800,26.1800,25.8800,26.1500,2615300,69936654.00
2025-05-20,603556.SH,26.1300,26.3000,25.9700,26.2400,2867775,77234145.00
2025-05-21,603556.SH,26.2600,26.4900,26.1000,26.1500,3503400,94435490.00
2025-05-22,603556.SH,26.1400,26.2200,25.8900,25.9100,3202386,85624655.00
2025-05-23,603556.SH,25.9100,25.9700,25.4800,25.5300,3936200,104041977.00
2025-05-26,603556.SH,25.5400,25.5800,25.1800,25.2700,3749865,97406961.00
2025-05-27,603556.SH,25.4100,26.4300,25.3600,26.0800,7589631,202247046.00
2025-05-28,603556.SH,26.0900,26.6300,25.7900,26.2400,6246200,168340212.00
2025-05-29,603556.SH,26.2800,26.5500,26.2400,26.5400,4985510,135424442.00
2025-05-30,603556.SH,26.5600,26.5700,26.1200,26.2300,3855730,104256692.00
2025-06-03,603556.SH,26.1100,26.1400,25.6100,25.6900,3716457,98468102.00
2025-06-04,603556.SH,25.7700,26.0000,25.7400,25.7900,2657900,70625559.00
2025-06-05,603556.SH,25.7700,25.9500,25.7500,25.9200,2552799,67840634.00
2025-06-06,603556.SH,25.8300,25.9300,25.7300,25.8300,1588600,42197164.00
2025-06-09,603556.SH,25.8200,26.0700,25.8100,26.0600,2323226,62026034.00
2025-06-10,603556.SH,26.0600,26.0900,25.5300,25.7000,3412100,90404739.00
2025-06-11,603556.SH,25.7400,26.0200,25.6500,25.8700,2570756,68441143.00
2025-06-12,603556.SH,25.8700,25.9000,25.7000,25.7000,2225256,58941068.00
2025-06-13,603556.SH,25.7100,25.8000,25.3700,25.4000,3080000,80818391.00
2025-06-16,603556.SH,25.3900,25.3900,25.1700,25.2300,3034000,78736593.00
2025-06-17,603556.SH,25.2800,25.5100,25.1700,25.2400,2025400,52691571.00
2025-06-18,603556.SH,25.2800,25.7500,25.2700,25.4500,3552840,93285168.00
2025-06-19,603556.SH,25.3800,25.4200,24.9000,24.9700,3597026,92795553.00
2025-06-20,603556.SH,24.9700,25.1000,24.3300,24.4600,4863318,123164952.00
2025-06-23,603556.SH,24.4200,24.6500,24.2700,24.6400,2523190,63503271.00
2025-06-24,603556.SH,24.7500,24.9400,24.4100,24.9200,3834239,94761891.00
2025-06-25,603556.SH,24.9800,25.1000,24.7400,25.0700,3734540,93133403.00
2025-06-26,603556.SH,25.0100,25.0700,24.8100,24.8100,2893969,72147788.00
2025-06-27,603556.SH,24.8500,25.2800,24.8500,25.1800,4098258,103031120.00
2025-06-30,603556.SH,25.2800,25.5500,25.2100,25.4700,3358612,85351043.00
2025-07-01,603556.SH,25.5000,25.5500,25.2500,25.3800,2239004,56729495.00
2025-07-02,603556.SH,25.4500,25.4500,25.1600,25.3000,2379940,60094964.00
2025-07-03,603556.SH,25.3100,25.3700,25.1200,25.3000,2745120,69330852.00
2025-07-04,603556.SH,25.4000,25.4000,25.0500,25.1100,3085824,77594893.00
2025-07-07,603556.SH,25.2800,26.1800,25.1500,25.9400,8266244,212452052.00
2025-07-08,603556.SH,25.8500,25.8600,25.5400,25.8600,5156560,132642574.00
2025-07-09,603556.SH,25.8700,26.0300,25.6300,25.6800,4618130,119201912.00
2025-07-10,603556.SH,25.6700,26.1800,25.5500,25.8400,4989430,129222988.00
2025-07-11,603556.SH,25.9000,25.9700,25.7500,25.8100,3279375,84799207.00
2025-07-14,603556.SH,25.8200,26.1000,25.6000,25.9800,3821440,99289045.00
2025-07-15,603556.SH,25.9600,25.9700,25.5800,25.7300,4497885,115679675.00
2025-07-16,603556.SH,25.7400,26.0700,25.7100,25.9100,3367762,87357179.00
2025-07-17,603556.SH,25.8300,26.2900,25.8300,25.9700,3869559,100690955.00
2025-07-18,603556.SH,26.0000,28.3500,25.8500,27.5800,17183203,465432397.00
2025-07-21,603556.SH,27.5600,27.6600,27.1700,27.2300,8471690,231283575.00
2025-07-22,603556.SH,27.3300,27.9500,27.1200,27.6200,8245230,226378802.00
2025-07-23,603556.SH,27.6000,27.9300,27.3800,27.5700,6201082,171300476.00
2025-07-24,603556.SH,27.5700,27.7600,27.3900,27.7100,4708230,130098341.00
2025-07-25,603556.SH,27.8900,28.6200,27.7100,28.3300,7336191,207067236.00
2025-07-28,603556.SH,28.3000,28.3000,27.7800,27.8200,4879517,136168943.00
2025-07-29,603556.SH,27.7800,27.7800,26.8700,27.2000,6685514,181661550.00
2025-07-30,603556.SH,27.2000,27.4300,27.0500,27.3400,3608514,98440655.00
2025-07-31,603556.SH,27.2800,27.3500,26.6400,26.7400,4826085,130139373.00
2025-08-01,603556.SH,26.8000,26.9700,26.6600,26.9700,2633030,70604957.00
2025-08-04,603556.SH,26.7500,26.9500,26.4000,26.5600,3949960,105109529.00
2025-08-05,603556.SH,26.5600,27.0400,26.4800,26.9300,3152130,84241267.00
2025-08-06,603556.SH,26.8500,27.8700,26.7500,27.6400,6999736,192708623.00
2025-08-07,603556.SH,27.6900,27.8000,27.3800,27.6000,3285473,90640635.00
2025-08-08,603556.SH,27.5400,27.9700,27.4000,27.7800,4014594,111608425.00
2025-08-11,603556.SH,27.7800,27.9900,27.6600,27.8300,3796997,105716446.00
2025-08-12,603556.SH,27.8300,29.1900,27.7000,28.3600,10766387,307991847.00
2025-08-13,603556.SH,28.3000,28.3200,27.4600,27.8000,8428284,234148322.00
2025-08-14,603556.SH,27.6500,27.8100,27.0100,27.0500,6898640,188405335.00
2025-08-15,603556.SH,26.9800,27.6500,26.9700,27.4900,4594566,126110182.00
2025-08-18,603556.SH,27.4500,27.7300,27.1100,27.2800,6977616,191144926.00
2025-08-19,603556.SH,27.1000,28.0900,27.1000,27.9000,11034854,306385970.00
2025-08-20,603556.SH,27.8600,28.1300,27.7100,28.1300,5485051,153485097.00
2025-08-21,603556.SH,28.1500,28.3900,27.9700,28.1600,4928068,138603391.00
2025-08-22,603556.SH,28.2300,28.2800,27.9700,28.2000,4505254,126644969.00
2025-08-25,603556.SH,28.1900,28.3800,27.9000,28.0900,6349573,178611065.00
2025-08-26,603556.SH,28.0900,28.8600,27.9200,28.6200,7614865,217508981.00
2025-08-27,603556.SH,28.6200,28.8900,27.8300,27.8700,6724570,191082043.00
2025-08-28,603556.SH,28.0000,28.1900,27.0300,27.5500,6384015,176150287.00
2025-08-29,603556.SH,27.6100,27.6200,27.0300,27.2400,5707810,155380771.00
2025-09-01,603556.SH,27.2800,27.3600,27.1000,27.3600,3207365,87431843.00
2025-09-02,603556.SH,27.3800,27.3800,26.6600,26.8500,4015456,108116113.00
2025-09-03,603556.SH,27.0100,27.1300,26.6200,26.6300,3167721,85021035.00
2025-09-04,603556.SH,26.9000,27.5300,26.6200,26.9300,4186928,113251708.00
2025-09-05,603556.SH,26.8700,27.5000,26.7500,27.4000,4905410,133682522.00
2025-09-08,603556.SH,27.5600,27.6200,27.2900,27.4700,3103088,85128087.00
2025-09-09,603556.SH,27.4500,27.4500,27.0500,27.1300,2507718,68201262.00
2025-09-10,603556.SH,27.0800,27.1800,26.8600,26.8800,2463632,66409588.00
2025-09-11,603556.SH,26.8600,27.0900,26.7300,27.0700,3803986,102259579.00
2025-09-12,603556.SH,27.0700,27.4900,27.0000,27.1100,3793990,103267498.00
2025-09-15,603556.SH,27.1200,27.2000,26.6300,26.6800,3642595,97713231.00
2025-09-16,603556.SH,26.6900,26.8000,26.2600,26.7300,3104390,82373335.00
2025-09-17,603556.SH,26.7400,27.0700,26.6200,26.8200,3244800,87155701.00
2025-09-18,603556.SH,26.8200,26.9300,26.4000,26.6600,3202716,85443517.00
2025-09-19,603556.SH,26.5300,27.0200,26.1800,26.9400,5688644,151200410.00
2025-09-22,603556.SH,26.8000,26.8400,26.3600,26.7600,3052728,81135592.00
2025-09-23,603556.SH,26.7600,27.4900,26.7200,27.1700,5365073,145391505.00
2025-09-24,603556.SH,27.1800,27.5800,27.0100,27.4500,4490070,122867472.00
2025-09-25,603556.SH,27.4700,27.5500,27.0100,27.1000,4062031,110679298.00
2025-09-26,603556.SH,27.0600,27.2200,26.8500,27.0100,2661219,71955973.00
2025-09-29,603556.SH,27.0300,28.3400,27.0300,27.9000,9624569,268929183.00
2025-09-30,603556.SH,27.9000,28.0800,27.6900,27.8400,3989872,111193391.00
2025-10-09,603556.SH,27.8500,28.7600,27.7200,28.6600,7618961,215075584.00
2025-10-10,603556.SH,28.6000,30.7700,28.3800,30.5100,16220854,483897621.00
2025-10-13,603556.SH,29.4200,31.1100,29.2600,30.5000,11281817,343850139.00
2025-10-14,603556.SH,30.7500,30.8200,29.3400,29.5400,8516018,255145445.00
2025-10-15,603556.SH,29.4400,29.9200,29.0200,29.7700,5827903,171687990.00
2025-10-16,603556.SH,29.9600,30.1600,29.2900,29.6500,5201708,154256567.00
2025-10-17,603556.SH,29.5500,29.5600,28.2000,28.2200,6407096,184201121.00
2025-10-20,603556.SH,28.5700,28.6800,27.9500,28.1200,3950651,111598566.00
2025-10-21,603556.SH,28.1500,29.9800,28.1500,29.1900,8812775,257779121.00
2025-10-22,603556.SH,29.0900,29.1100,28.5000,28.7500,4704127,135180295.00
2025-10-23,603556.SH,28.5900,28.9500,28.4900,28.9300,3299830,94760338.00
2025-10-24,603556.SH,28.8900,28.9600,28.4700,28.6300,4203228,120307732.00
2025-10-27,603556.SH,28.6800,29.2000,28.5000,29.0200,4814265,139186257.00
2025-10-28,603556.SH,31.7700,31.9200,31.5900,31.9200,9388691,299508288.00
2025-10-29,603556.SH,32.8800,35.1100,32.5500,35.1100,27052992,925202596.00
2025-10-30,603556.SH,34.9000,34.9300,33.5500,33.8500,22772042,776570903.00
2025-10-31,603556.SH,34.1700,34.9400,33.6400,33.7700,14161260,484682237.00
2025-11-03,603556.SH,34.2000,36.1500,34.1400,35.5900,19435677,684677959.00
2025-11-04,603556.SH,35.5900,36.4500,34.6700,35.0800,14023934,496663699.00
2025-11-05,603556.SH,34.0000,38.1000,34.0000,37.2400,19308729,698686393.00
2025-11-06,603556.SH,37.0000,37.8800,36.5000,37.0400,16197918,602108803.00
2025-11-07,603556.SH,36.9000,38.7900,36.1600,37.0500,14403228,534310068.00
2025-11-10,603556.SH,36.6100,37.4800,36.2000,37.1900,10065839,370842653.00
2025-11-11,603556.SH,38.3000,40.9100,38.3000,38.8500,19611611,781506071.00
2025-11-12,603556.SH,38.5300,38.7900,36.3600,37.0700,15178074,562889200.00
2025-11-13,603556.SH,36.9000,37.2700,36.2400,36.5100,9166228,336388956.00
2025-11-14,603556.SH,35.7800,36.8600,35.7100,35.7100,6638704,240225700.00
2025-11-17,603556.SH,35.7100,36.1400,35.0100,35.4000,5479039,194062547.00
2025-11-18,603556.SH,35.3900,35.5900,34.9800,35.2000,4298771,151397296.00
2025-11-19,603556.SH,35.0500,35.8000,34.7100,35.2000,5679428,200244427.00
2025-11-20,603556.SH,35.2100,35.7500,34.3100,34.5000,4519704,157010737.00
2025-11-21,603556.SH,33.9800,34.6900,32.9300,33.0100,7488280,251505897.00
2025-11-24,603556.SH,33.2000,33.4900,32.8700,33.2200,4585174,152369468.00
2025-11-25,603556.SH,33.4200,34.0500,33.2100,33.6500,5191081,174976977.00
2025-11-26,603556.SH,33.7300,34.0900,33.5400,33.7700,3236200,109626345.00
2025-11-27,603556.SH,33.8000,34.7500,33.6700,33.9500,5523100,188956578.00
2025-11-28,603556.SH,33.8500,34.0300,33.5300,33.7200,4157257,140565570.00
2025-12-01,603556.SH,33.7000,35.4200,33.6000,35.3200,7736132,269826985.00
2025-12-02,603556.SH,35.2400,35.2400,33.9500,33.9800,4351530,149285669.00
2025-12-03,603556.SH,34.0300,34.6800,33.9900,34.2100,2995641,102754004.00
2025-12-04,603556.SH,34.2300,34.8300,33.9100,34.0700,2164214,73899129.00
2025-12-05,603556.SH,34.1300,34.9000,33.8100,34.8000,3279600,113338987.00
2025-12-08,603556.SH,34.8000,35.0500,33.9800,34.5700,4675100,161159356.00
2025-12-09,603556.SH,34.5700,35.1000,34.2000,34.3700,2527631,87730844.00
2025-12-10,603556.SH,34.3800,34.3800,33.4900,33.6900,3412195,115357686.00
2025-12-11,603556.SH,33.8300,34.0600,33.2100,33.2700,3395871,114181416.00
2025-12-12,603556.SH,33.3100,34.8700,33.2300,34.4400,10179567,350129914.00
2025-12-15,603556.SH,34.3900,35.2400,34.2400,34.9400,6383921,222699333.00
2025-12-16,603556.SH,34.7600,34.9400,33.8000,34.0300,4261640,145577121.00
2025-12-17,603556.SH,33.9600,34.4300,33.1500,34.2200,5233007,176426261.00
2025-12-18,603556.SH,34.0100,34.2100,33.0800,33.3000,4195330,140143887.00
2025-12-19,603556.SH,33.4200,33.8700,33.0100,33.1000,3758660,125393369.00
2025-12-22,603556.SH,33.1100,33.7700,33.0100,33.6000,3873097,129844628.00
2025-12-23,603556.SH,33.5800,34.4000,33.3000,34.2700,5095850,172805625.00
2025-12-24,603556.SH,34.1900,35.2000,33.8100,34.7300,4277900,148413973.00
2025-12-25,603556.SH,34.7300,35.1900,34.3000,34.5600,3319520,115016023.00
2025-12-26,603556.SH,34.6000,35.0000,34.3600,34.5700,2846050,98689288.00
2025-12-29,603556.SH,34.4700,35.2200,34.2000,34.7100,3923157,136563077.00
2025-12-30,603556.SH,34.5000,36.5000,34.4100,35.4500,5909352,210936063.00
2025-12-31,603556.SH,35.6300,36.9000,35.4000,36.4000,6234480,226386903.00
2026-01-05,603556.SH,36.3000,36.3000,34.6600,35.3500,9651732,339617926.00
2026-01-06,603556.SH,35.2400,36.1100,35.1700,35.7000,4924244,175801602.00
2026-01-07,603556.SH,35.6900,36.3500,35.3400,35.9900,4774988,171606241.00
2026-01-08,603556.SH,36.0700,36.0800,35.2500,35.3800,3348235,119253882.00
2026-01-09,603556.SH,35.2500,35.9800,35.0800,35.5500,3748663,133241898.00
2026-01-12,603556.SH,35.5200,36.8500,34.9200,36.5900,6149490,221345264.00
2026-01-13,603556.SH,36.5100,37.9400,36.2600,37.4000,8534724,316927129.00
2026-01-14,603556.SH,37.3900,38.3900,36.6900,37.6700,6932588,260983311.00
2026-01-15,603556.SH,36.8100,38.2300,36.7900,37.7900,4417200,166760356.00
2026-01-16,603556.SH,39.5000,40.1600,38.2300,38.5400,7878904,307317169.00
2026-01-19,603556.SH,38.4800,42.3000,38.4800,41.5000,9988975,408276497.00
2026-01-20,603556.SH,41.4900,41.9900,40.0500,41.1200,8640809,354983544.00
2026-01-21,603556.SH,40.6800,42.9700,40.2000,41.6400,7685787,321313108.00
2026-01-22,603556.SH,41.6400,41.8600,39.7500,39.7600,7562783,305049189.00
2026-01-23,603556.SH,39.9900,41.0000,39.8200,40.5500,5886860,238552389.00
2026-01-26,603556.SH,40.5500,40.7900,39.5000,39.9900,5962625,238405978.00
2026-01-27,603556.SH,39.6900,40.2200,38.4700,38.9100,6238904,243470857.00
2026-01-28,603556.SH,38.9100,39.4400,38.2600,39.1500,4534025,176319934.00
2026-01-29,603556.SH,38.8000,40.2400,38.8000,39.5100,6150525,244112209.00
2026-01-30,603556.SH,39.3900,39.8100,38.0100,39.1200,3491729,135618659.00
2026-02-02,603556.SH,39.0200,40.7400,38.5000,38.8000,6811175,269428884.00
2026-02-03,603556.SH,39.1600,40.3500,39.0000,39.8200,4761668,188641761.00
2026-02-04,603556.SH,39.7500,39.7600,37.6700,38.2300,7607129,292164630.00
2026-02-05,603556.SH,38.0000,38.0300,36.7000,37.0600,5734745,213134380.00
2026-02-06,603556.SH,36.9100,37.8200,36.8000,36.9900,3327751,124490173.00
2026-02-09,603556.SH,37.3100,37.6900,36.6900,36.9900,5172489,191667354.00
2026-02-10,603556.SH,36.9800,37.3800,36.4900,37.0100,5032077,186100396.00
2026-02-11,603556.SH,37.0500,37.3900,36.8000,36.8200,3004468,111100294.00
2026-02-12,603556.SH,36.8200,38.3900,36.6000,37.9600,4409199,166172870.00
2026-02-13,603556.SH,37.7800,37.8900,36.8800,36.9600,3726800,138884980.00
2026-02-24,603556.SH,37.4400,39.1100,37.0500,38.7000,5696880,218729990.00
2026-02-25,603556.SH,38.7000,39.4900,38.3200,39.0000,3703824,144366126.00
2026-02-26,603556.SH,39.1900,39.6400,38.6500,39.4800,3927260,154295961.00
2026-02-27,603556.SH,39.2800,39.7300,38.4800,38.7000,4552267,176773528.00
2026-03-02,603556.SH,38.2100,39.9800,38.1100,39.1800,5060042,198991984.00
2026-03-03,603556.SH,39.0700,39.6400,37.4600,37.8300,5191200,198818080.00
2026-03-04,603556.SH,37.3000,39.2700,37.3000,38.2400,4551840,175335669.00
2026-03-05,603556.SH,38.7500,40.2000,38.7300,39.8200,7787702,307596038.00
2026-03-06,603556.SH,40.4700,42.4800,40.4700,41.4600,10873640,452780145.00
2026-03-09,603556.SH,40.4400,42.0000,39.6400,41.3200,9136026,373859536.00
2026-03-10,603556.SH,41.3400,43.2800,40.5800,42.7600,9381730,395055485.00
2026-03-11,603556.SH,42.7800,43.0000,41.5600,42.4300,7048577,297328790.00
2026-03-12,603556.SH,42.4000,42.4000,40.2600,41.1000,6110837,250689654.00
2026-03-13,603556.SH,41.4100,41.4100,39.5100,39.6500,4090661,164879422.00
2026-03-16,603556.SH,39.6400,39.8300,38.2000,39.0100,4495900,174441448.00
2026-03-17,603556.SH,39.0100,39.4700,38.0800,38.1900,2817997,108805193.00
2026-03-18,603556.SH,38.6900,38.6900,37.3500,37.7100,4817140,182082254.00
2026-03-19,603556.SH,37.1100,37.4600,35.7300,35.9100,5890962,214695279.00
2026-03-20,603556.SH,36.3500,36.8000,35.1800,35.5500,4948578,178284616.00
2026-03-23,603556.SH,35.1000,36.1000,33.5900,33.9600,6812224,236012859.00
2026-03-24,603556.SH,34.4000,34.5000,33.3300,34.3200,3802250,129129503.00
2026-03-25,603556.SH,34.4900,34.9400,34.3000,34.4300,3776036,130787551.00
2026-03-26,603556.SH,34.4600,35.2600,34.2200,34.6100,4766100,166299957.00
2026-03-27,603556.SH,34.2500,34.7900,34.0900,34.4000,3542687,122086485.00
2026-03-30,603556.SH,34.0300,34.2300,32.9500,33.2500,6458350,215215673.00
2026-03-31,603556.SH,33.3900,33.6000,32.4700,32.8000,5014491,165241408.00
2026-04-01,603556.SH,33.2600,33.9800,33.2600,33.7900,4052711,136134403.00
2026-04-02,603556.SH,33.5500,34.2500,33.1300,33.2300,2620300,88060462.00
2026-04-03,603556.SH,33.3300,33.4200,32.7900,32.8000,1993619,65863731.00
2026-04-07,603556.SH,32.8500,33.0500,32.2000,32.4000,2004303,65362980.00
2026-04-08,603556.SH,33.0800,35.1000,33.0800,34.7000,4724103,162512068.00
2026-04-09,603556.SH,34.6000,34.6000,33.9200,34.3000,3079050,105162333.00
2026-04-10,603556.SH,34.3700,34.7100,34.2000,34.3900,2411751,83080804.00
2026-04-13,603556.SH,34.0000,35.6000,33.4500,34.9000,5660351,198286700.00
2026-04-14,603556.SH,34.9000,35.5200,34.7000,35.1700,3477591,122008049.00
2026-04-15,603556.SH,35.5100,37.0500,35.1700,36.6000,5896890,213760474.00
2026-04-16,603556.SH,36.5900,36.5900,35.3600,35.7300,4905312,175333131.00
2026-04-17,603556.SH,35.6000,35.8400,34.1400,34.5600,5425430,187838728.00
2026-04-20,603556.SH,34.3300,34.8500,33.6800,34.1500,7277689,249190449.00
2026-04-21,603556.SH,32.4000,32.4000,30.8200,31.2000,16733407,522191137.00
2026-04-22,603556.SH,30.7000,30.9000,30.1000,30.4800,9469815,288276352.00
2026-04-23,603556.SH,30.4300,30.8500,30.1100,30.2000,5356621,162610146.00
2026-04-24,603556.SH,30.1200,30.2100,29.4100,29.4800,5216994,154921143.00
2026-04-27,603556.SH,29.4500,30.2400,28.4900,30.1500,8539600,252016752.00
2026-04-28,603556.SH,29.9000,30.0800,29.2800,29.4200,3887246,115024033.00
2026-04-29,603556.SH,29.2700,29.7500,29.2700,29.4900,3628951,107383579.00
2026-04-30,603556.SH,29.0000,29.5600,28.6100,28.7200,7187115,207871312.00
2026-05-06,603556.SH,28.9800,30.0700,28.9000,29.7900,7334400,216935801.00
2026-05-07,603556.SH,29.9800,30.0900,29.4000,29.6500,5747709,170632013.00
2026-05-08,603556.SH,29.4500,29.5900,28.9400,29.1300,5039696,146691702.00
2026-05-11,603556.SH,29.2800,30.8500,29.2400,30.1700,10695858,322488582.00
2026-05-12,603556.SH,30.1800,30.5200,29.6600,29.8900,5335550,160109508.00
2026-05-13,603556.SH,29.8900,30.4500,29.7600,30.1100,5556837,167462102.00
2026-05-14,603556.SH,30.1200,30.2500,28.3300,28.5900,9624302,278061719.00
2026-05-15,603556.SH,28.3800,28.5800,27.7700,27.8500,5769096,161864271.00
2026-05-18,603556.SH,28.0500,28.2400,27.6300,28.0000,3681070,102850593.00
2026-05-19,603556.SH,27.8200,29.4200,27.8000,29.2000,6194253,178465966.00
2026-05-20,603556.SH,29.2100,29.2100,28.4700,28.8100,3701360,106443230.00
2026-05-21,603556.SH,28.8600,29.0000,27.7300,27.8100,5194300,147101758.00
2026-05-22,603556.SH,27.9500,28.1000,27.3200,27.5000,4039100,111467777.00
2026-05-25,603556.SH,27.7300,28.8100,27.6900,28.0800,5124800,145217084.00
2026-05-26,603556.SH,28.0000,28.0000,27.3300,27.5000,3798700,104956641.00
2026-05-27,603556.SH,27.5200,28.0900,27.0000,27.0900,3761185,102889621.00
2026-05-28,603556.SH,26.9800,27.5000,26.7400,27.1300,3550435,95954393.00
2026-05-29,603556.SH,27.0900,27.2500,26.7800,26.8900,4383261,118146015.00
2026-06-01,603556.SH,26.7000,27.1000,26.5500,26.7300,3660331,98047536.00
2026-06-02,603556.SH,26.7300,26.8900,25.2900,25.3600,7759642,198592702.00
2026-06-03,603556.SH,25.3000,25.5800,24.8100,25.3900,4507761,113931092.00
2026-06-04,603556.SH,25.3800,25.3800,24.5600,24.7600,3582541,88940766.00
2026-06-05,603556.SH,24.7900,24.9400,24.1600,24.4400,4099931,100485232.00
2026-06-08,603556.SH,24.0000,24.1800,23.0400,23.3500,5090740,120204431.00
2026-06-09,603556.SH,23.4700,24.3000,22.9600,24.2500,6034740,142905564.00
2026-06-10,603556.SH,23.8000,25.0000,23.7100,24.5600,8221804,201717454.00
2026-06-11,603556.SH,24.5200,24.5200,23.5500,23.5600,3808300,90708861.00
2026-06-12,603556.SH,23.8000,24.0500,23.4100,23.7900,3839691,91242593.00
2026-06-15,603556.SH,23.9900,24.1900,23.8200,24.0300,3269760,78406632.00
2026-06-16,603556.SH,24.1900,24.1900,23.5200,23.7700,3195776,75936509.00
2026-06-17,603556.SH,23.7700,23.8000,23.0500,23.0600,4270164,99227176.00
2026-06-18,603556.SH,23.2000,24.5000,22.9200,23.1200,8769635,206328773.00
2026-06-22,603556.SH,22.8200,23.1000,22.4300,22.9200,7428420,169314501.00
